10    1000   1528.53    1.39    1397    18996  
50      11  12735.64    0.64   12393    13479  
100    523  48692.01    1.00   45197   165408  
150     28 101940.71    0.98   99538   128520  
200     17 178296.88    0.99  174936   202861  
250     14 276967.86    0.96  271868   301517  
300     11 396871.91    0.87  388822   419860  
350    108 567913.74    1.00  527886   811957  
400     11 699119.27    0.73  687941   736692  
450     11 903091.00    0.97  869629   957776  
500     23 1113012.70    0.99 1071381  1241020  
550     11 1326945.18    0.89 1294777  1438640  
600     11 1582503.64    0.83 1540451  1690041  
650    213 1939738.92    1.00 1803269  4008870  
700     11 2159087.09    0.84 2106395  2267538  
750     11 2461691.27    0.82 2424686  2654563  
800     11 2785707.45    0.37 2754709  2871105  
850    179 3324369.15    1.00 3100753  7126605  
900     11 3551684.36    0.65 3475182  3718182  
950     16 4024441.25    1.00 3869599  4515749  
1000    11 4364365.00    0.39 4311332  4474717  