10    1000   1416.16    3.26    1337    43492  
50      11  12252.91    0.54   12091    12801  
100    106  44628.71    0.99   43822    75694  
150    103  97899.42    1.00   95847   179554  
200    179 175290.18    1.00  168130   358851  
250     97 275116.72    1.00  260700   379700  
300     22 384897.95    0.98  373681   419527  
350     12 517289.58    0.94  506735   553361  
400     48 689173.17    0.98  660043   876654  
450     28 880404.29    0.99  833655  1006892  
500     11 1056230.73    0.72 1027574  1104845  
550     11 1267471.55    0.28 1248759  1285325  
600     11 1504776.91    0.53 1476095  1544532  
650     11 1780126.36    0.82 1730710  1894828  
700     11 2063292.55    0.97 2006232  2210327  
750     14 2381362.14    0.98 2328579  2587290  
800     11 2720812.73    0.94 2646557  2945003  
850     11 3032949.36    0.67 2986112  3173825  
900     13 3431445.46    0.96 3336425  3779746  
950     11 3760226.82    0.34 3712491  3829341  
1000    11 4242174.27    0.79 4110951  4451278  