10    1000   1610.71    3.16    1425    45357  
50      11  12927.73    0.96   12593    13946  
100     11  46452.09    0.21   45732    46880  
150     64 104180.88    0.99  100361   137313  
200    201 187695.17    1.00  175875   323225  
250     32 280678.19    0.98  273027   340640  
300     11 398774.00    0.93  390705   423263  
350     38 545201.37    0.99  529806   720031  
400     19 712893.68    0.96  690403   799161  
450     11 895030.36    0.92  871101   958172  
500     18 1118317.83    0.98 1074174  1237362  
550     72 1381025.14    1.00 1295897  1950703  
600     11 1565960.64    0.32 1542851  1590524  
650     11 1837854.73    0.30 1808780  1865095  
700     11 2128116.91    0.18 2107878  2148626  
750     11 2440346.27    0.10 2432515  2458199  
800     11 2783898.73    0.48 2759276  2914715  
850     11 3125219.09    0.13 3108977  3150732  
900     11 3513583.55    0.28 3476688  3576463  
950     49 4128177.67    0.98 3874759  5168406  
1000    44 4508945.34    0.98 4292095  5846974  