1000     11   1759.16    0.35    1738    1738  
1500     11   4002.36    0.63    3979    3979  
2000     11   7136.53    0.73    7163    7163  
2500     11  11055.19    0.95   10955   10955  
3000     11  15767.24    0.23   15733   15733  
3500     11  21456.35    0.24   21333   21333  
4000     11  28409.85    0.55   28586   28586  
4500     13  36319.22    0.97   35618   35618  
5000     11  44231.35    0.47   43718   43718  
5500     11  52731.42    0.35   52289   52289  
6000     11  62588.15    0.34   63712   63712  
6500     11  75334.25    0.33   74631   74631  
7000     11  86714.23    0.44   86606   86606  
7500     39 101314.12    0.99   98964   98964  
8000     32 115777.41    0.99  112662  112662  
8500     11 129287.36    0.38  129630  129630  
9000     33 146022.28    0.99  144057  144057  
9500     40 165012.07    0.99  162627  162627  
10000    53 184311.41    0.99  180380  180380  