1000     11   1678.25    0.57    1661    1661  
1500     12   3804.42    0.98    3768    3768  
2000     11   6698.72    0.44    6938    6938  
2500     11  10455.13    0.39   10410   10410  
3000     12  15320.29    0.95   14911   14911  
3500     11  20554.05    0.38   20601   20601  
4000     11  26998.67    0.43   27165   27165  
4500     11  33900.30    0.19   34196   34196  
5000     32  42929.14    0.99   41345   41345  
5500     11  51069.50    0.49   52933   52933  
6000     11  60871.97    0.32   60976   60976  
6500     11  71264.59    0.16   70814   70814  
7000     11  83722.93    0.86   82643   82643  
7500     11  94976.94    0.17   94945   94945  
8000     11 108941.29    0.16  108924  108924  
8500     11 123161.44    0.28  121941  121941  
9000     11 137191.31    0.30  139132  139132  
9500     11 154941.37    0.37  151131  151131  
10000    11 170044.67    0.16  169311  169311  