1000     11   1754.90    0.48    1733    1733  
1500     11   3923.67    0.24    3978    3978  
2000     82   7176.27    0.99    7000    7000  
2500     11  11072.06    0.24   11156   11156  
3000     78  16127.61    0.99   15933   15933  
3500     29  21884.42    0.99   21275   21275  
4000     11  28113.44    0.34   28055   28055  
4500     11  35888.76    0.27   36392   36392  
5000     11  45420.12    0.94   46623   46623  
5500     11  54500.96    0.90   53433   53433  
6000     11  65130.58    0.99   67469   67469  
6500     11  75574.35    0.66   79034   79034  
7000     15  88868.59    0.99   85607   85607  
7500     12 101804.41    0.99  100797  100797  
8000     11 114650.13    0.53  113262  113262  
8500     11 129257.47    0.43  133076  133076  
9000     11 145279.83    0.49  143750  143750  
9500     11 161909.13    0.42  160303  160303  
10000    11 178223.65    0.42  179205  179205  